//cells[idx, 0] = _tryGetCell(x - 1, y + 1, z);
//cells[idx, 1] = _tryGetCell(x, y + 1, z);
//cells[idx, 2] = _tryGetCell(x + 1, y, z);
//cells[idx, 3] = _tryGetCell(x + 1, y - 1, z);
//cells[idx, 4] = _tryGetCell(x, y - 1, z);
//cells[idx, 5] = _tryGetCell(x - 1, y, z);
2,2,2,2,2,2,2 0,0,0,0,0,0 0,0,0,0,0,0,0 1 1.0
0,0,0,0,0,0,1 0,0,0,0,0,0 0,0,0,0,0,0,0 2 1.0
0,1,0,0,0,0,0 0,2,0,0,0,0 0,0,0,0,0,0,0 2 1.0
0,1,0,0,0,0,0 2,2,0,0,0,0 0,0,0,0,0,0,0 2 1.0
1,0,0,0,0,0,0 2,2,0,0,0,2 0,0,0,0,0,0,0 2 1.0
0,0,0,0,0,0,0 2,2,0,0,0,0 0,0,0,0,0,0,0 2 1.0
0,0,0,0,0,0,0 2,2,0,0,0,2 0,0,0,0,0,0,0 2 1.0
// duplicate due to loss of corners
// 0,0,0,0,0,0,0 2,2,0,0,0,2 0,0,0,0,0,0,0 2 1.0
0,0,0,0,0,0,0 2,2,2,0,0,2 0,0,0,0,0,0,0 2 1.0