// Currently this architecture will not generate a coherent structure, 
// as it depends on changing the rulesets after a number of configs.
// The idea for implementing that is to have a List of Dictionaries of LocalConfigurations,
// And to change all bees to them at certain points in the algorithm.
// Step 1
0,0,0,0,0,0,1 0,0,0,0,0,0 0,0,0,0,0,0,0 2 1.0
// Step 2
# 8
0,0,0,0,0,1,0 0,0,0,0,0,2 0,0,0,0,0,0,0 2 1.0
0,0,0,0,0,0,0 0,0,0,0,2,0 0,0,0,0,0,0,0 2 1.0
0,0,0,0,1,0,0 0,0,2,2,2,0 0,0,0,0,0,0,0 2 1.0
0,0,0,1,0,0,0 0,0,2,2,0,0 0,0,0,0,0,0,0 2 1.0
0,1,0,0,0,0,0 2,2,0,0,0,2 0,0,0,0,0,0,0 2 1.0
0,0,0,0,0,0,0 0,2,0,0,0,0 0,0,0,0,0,0,0 2 1.0
0,1,0,0,0,0,0 2,2,0,0,0,2 0,0,0,0,0,0,0 2 1.0
1,0,0,0,0,0,0 2,2,0,0,0,2 0,0,0,0,0,0,0 2 1.0
// Step 3
# 13
2,2,2,2,2,2,2 0,0,0,0,0,0 0,0,0,0,0,0,0 2 1.0
2,2,0,0,2,2,2 0,0,0,0,0,2 0,0,0,0,0,0,0 1 1.0
2,2,0,0,2,2,2 1,0,0,0,0,2 0,0,0,0,0,0,0 1 1.0
2,2,0,0,0,2,2 2,1,0,0,0,1 0,0,0,0,0,0,0 1 1.0
// Step 4
# 34
0,0,0,0,0,0,0 2,0,0,0,0,2 1,0,0,0,0,1,0 1 1.0
0,0,0,0,0,0,0 0,0,0,0,1,2 0,0,0,0,0,1,0 1 1.0
0,0,0,0,0,0,0 1,0,1,0,2,0 0,0,0,0,1,0,0 1 1.0
0,0,0,0,0,0,0 0,0,1,2,2,0 0,0,0,1,1,0,0 1 1.0
0,0,0,0,0,0,0 0,0,1,2,0,0 0,0,0,1,0,0,0 1 1.0
0,0,0,0,0,0,0 2,1,0,0,1,2 1,0,0,0,0,1,0 1 1.0
0,0,0,0,0,0,0 0,0,2,2,0,0 0,0,1,1,0,0,0 1 1.0
0,0,0,0,0,0,0 0,0,1,2,1,0 0,0,0,1,0,0,0 1 1.0
0,0,0,0,0,0,0 2,1,1,0,0,0 0,0,0,0,0,0,0 1 1.0
0,0,0,0,0,0,0 2,2,0,0,0,1 1,1,0,0,0,0,0 1 1.0
0,0,0,0,0,0,0 0,0,1,2,2,0 0,0,0,1,1,0,0 1 1.0
0,0,0,0,0,0,0 2,1,0,0,0,1 1,0,0,0,0,0,0 1 1.0
0,0,0,0,0,0,0 2,1,0,0,0,1 1,0,0,0,0,0,0 1 1.0
// Step 5
# 19
0,0,0,0,0,0,0 1,0,0,0,0,1 0,0,0,0,0,0,0 2 1.0
0,0,0,0,0,0,0 1,0,0,0,2,1 0,0,0,0,0,0,0 2 1.0
0,0,0,0,0,0,0 0,0,0,0,2,1 0,0,0,0,0,0,0 2 1.0
0,0,0,0,0,0,0 0,0,0,2,1,0 0,0,0,0,0,0,0 2 1.0
0,0,0,0,0,0,0 0,0,0,0,2,2 0,0,0,0,0,0,0 2 1.0
0,0,0,0,0,0,0 1,2,0,0,2,1 0,0,0,0,0,0,0 2 1.0
0,0,0,0,0,0,0 1,2,0,0,0,1 0,0,0,0,0,0,0 2 1.0
// Step 6
# 27
1,2,0,0,2,1,2 0,0,0,0,0,0 0,0,0,0,0,0,0 2 1.0
1,2,0,0,2,1,2 0,0,0,0,2,0 0,0,0,0,0,0,0 2 1.0
0,0,0,0,2,2,2 0,0,0,0,2,0 0,0,0,0,0,0,0 2 1.0
0,0,2,2,1,2,2 0,0,2,2,0,0 0,0,0,0,0,0,0 2 1.0
0,0,2,1,1,2,2 0,0,2,0,0,0 0,0,0,0,0,0,0 2 1.0
1,2,0,0,2,1,2 0,2,0,0,2,0 0,0,0,0,0,0,0 2 1.0
0,0,2,2,1,2,2 0,0,2,2,0,0 0,0,0,2,0,0,0 2 1.0
0,0,2,2,1,2,2 0,0,2,2,0,2 0,0,0,2,0,0,0 2 1.0
// Step 7
# 31
0,2,0,0,2,0,2 0,0,0,0,0,0 0,0,0,0,0,0,0 2 1.0
0,2,0,0,2,0,2 0,0,0,0,2,0 0,0,0,0,0,0,0 2 1.0
2,2,0,0,2,0,2 0,0,0,0,2,0 0,0,0,0,0,0,0 2 1.0
0,0,0,0,2,2,2 0,0,0,0,2,0 0,0,0,0,0,0,0 2 1.0
0,0,2,2,0,2,2 0,0,2,2,0,0 0,0,0,0,0,0,0 2 1.0
0,2,0,0,2,0,2 0,2,0,0,2,0 0,0,0,0,0,0,0 2 1.0
0,2,0,0,2,0,2 0,2,0,0,2,0 0,0,0,0,0,0,0 2 1.0
2,0,2,0,0,2,2 2,0,0,0,0,2 2,0,0,0,0,0,0 2 1.0
0,2,0,0,2,0,2 0,2,0,0,2,0 0,0,0,0,0,0,0 2 1.0
0,2,0,0,2,0,2 0,2,0,0,2,0 0,0,0,0,0,0,0 2 1.0
// Step 8
# 17
2,2,2,2,0,0,0 2,2,2,2,0,0 2,2,2,2,0,0,0 1 1.0
2,2,0,0,0,0,0 2,2,1,0,0,0 2,2,0,0,0,0,0 1 1.0
2,2,0,0,0,2,0 2,2,1,0,0,2 2,2,0,0,0,2,0 1 1.0
2,0,0,0,0,2,0 2,1,0,0,0,2 2,0,0,0,0,2,0 1 1.0
0,0,2,2,0,0,0 0,1,2,2,1,0 0,0,2,2,0,0,0 1 1.0
0,0,2,2,0,0,0 1,1,2,2,1,0 0,0,2,2,0,0,0 1 1.0
0,0,0,2,2,0,0 1,2,0,2,2,1 0,0,0,2,2,0,0 1 1.0
0,0,0,2,2,0,0 2,0,0,2,2,1 0,0,0,2,2,0,0 1 1.0
0,0,0,2,2,0,0 2,0,0,2,2,1 0,0,0,2,2,0,0 1 1.0
0,0,2,2,0,0,0 2,0,2,2,1,0 0,0,2,2,0,0,0 1 1.0
0,0,2,2,0,0,0 1,1,2,2,1,2 0,0,2,2,0,0,0 1 1.0
// Step 9
# 7
0,0,0,0,0,0,0 1,2,0,1,1,1 0,0,0,0,0,0,0 2 1.0
0,0,0,0,0,0,0 2,0,0,1,1,2 0,0,0,0,0,0,0 2 1.0
0,0,0,0,0,0,0 2,0,0,1,0,0 0,0,0,0,0,0,0 2 1.0
0,0,0,0,0,0,0 1,1,1,1,2,2 0,0,0,0,0,0,0 2 1.0
0,0,0,0,0,0,0 2,2,1,1,2,0 0,0,0,0,0,0,0 2 1.0