//cells[idx, 0] = _tryGetCell(x - 1, y + 1, z);
//cells[idx, 1] = _tryGetCell(x, y + 1, z);
//cells[idx, 2] = _tryGetCell(x + 1, y, z);
//cells[idx, 3] = _tryGetCell(x + 1, y - 1, z);
//cells[idx, 4] = _tryGetCell(x, y - 1, z);
//cells[idx, 5] = _tryGetCell(x - 1, y, z);
// Step 1
0,0,0,0,0,0,1 0,0,0,0,0,0 0,0,0,0,0,0,0 2 1.0
// Step 2
# 8
0,0,0,0,0,1,0 0,0,0,0,0,2 0,0,0,0,0,0,0 2 1.0
0,0,0,0,0,0,0 0,0,0,0,2,0 0,0,0,0,0,0,0 2 1.0
0,0,0,0,1,0,0 0,0,2,2,2,0 0,0,0,0,0,0,0 2 1.0
0,0,0,1,0,0,0 0,0,2,2,0,0 0,0,0,0,0,0,0 2 1.0
0,1,0,0,0,0,0 2,2,0,0,0,2 0,0,0,0,0,0,0 2 1.0
0,0,0,0,0,0,0 0,2,0,0,0,0 0,0,0,0,0,0,0 2 1.0
0,1,0,0,0,0,0 2,2,0,0,0,2 0,0,0,0,0,0,0 2 1.0
1,0,0,0,0,0,0 2,2,0,0,0,2 0,0,0,0,0,0,0 2 1.0
// Step 3
# 13
2,2,2,2,2,2,2 0,0,0,0,0,0 0,0,0,0,0,0,0 2 1.0
2,2,0,0,2,2,2 0,0,0,0,0,2 0,0,0,0,0,0,0 1 1.0
2,2,0,0,2,2,2 1,0,0,0,0,2 0,0,0,0,0,0,0 1 1.0
2,2,0,0,0,2,2 2,1,0,0,0,1 0,0,0,0,0,0,0 1 1.0
// Step 4
# 34
0,0,0,0,0,0,0 2,0,0,0,0,2 1,0,0,0,0,1,0 1 1.0
0,0,0,0,0,0,0 0,0,0,0,1,2 0,0,0,0,0,1,0 1 1.0
0,0,0,0,0,0,0 1,0,1,0,2,0 0,0,0,0,1,0,0 1 1.0
0,0,0,0,0,0,0 0,0,1,2,2,0 0,0,0,1,1,0,0 1 1.0
0,0,0,0,0,0,0 0,0,1,2,0,0 0,0,0,1,0,0,0 1 1.0
0,0,0,0,0,0,0 2,1,0,0,1,2 1,0,0,0,0,1,0 1 1.0
0,0,0,0,0,0,0 0,0,2,2,0,0 0,0,1,1,0,0,0 1 1.0
0,0,0,0,0,0,0 0,0,1,2,1,0 0,0,0,1,0,0,0 1 1.0
0,0,0,0,0,0,0 2,1,1,0,0,0 0,0,0,0,0,0,0 1 1.0
0,0,0,0,0,0,0 2,2,0,0,0,1 1,1,0,0,0,0,0 1 1.0
0,0,0,0,0,0,0 0,0,1,2,2,0 0,0,0,1,1,0,0 1 1.0
0,0,0,0,0,0,0 2,1,0,0,0,1 1,0,0,0,0,0,0 1 1.0
0,0,0,0,0,0,0 2,1,0,0,0,1 1,0,0,0,0,0,0 1 1.0
// Step 5
# 19
0,0,0,0,0,0,0 1,0,0,0,0,1 0,0,0,0,0,0,0 2 1.0
0,0,0,0,0,0,0 1,0,0,0,2,1 0,0,0,0,0,0,0 2 1.0
0,0,0,0,0,0,0 0,0,0,0,2,1 0,0,0,0,0,0,0 2 1.0
0,0,0,0,0,0,0 0,0,0,2,1,0 0,0,0,0,0,0,0 2 1.0
0,0,0,0,0,0,0 0,0,0,0,2,2 0,0,0,0,0,0,0 2 1.0
0,0,0,0,0,0,0 1,2,0,0,2,1 0,0,0,0,0,0,0 2 1.0
0,0,0,0,0,0,0 1,2,0,0,0,1 0,0,0,0,0,0,0 2 1.0
// Step 6
# 27
1,2,0,0,2,1,2 0,0,0,0,0,0 0,0,0,0,0,0,0 2 1.0
1,2,0,0,2,1,2 0,0,0,0,2,0 0,0,0,0,0,0,0 2 1.0
0,0,0,0,2,2,2 0,0,0,0,2,0 0,0,0,0,0,0,0 2 1.0
0,0,2,2,1,2,2 0,0,2,2,0,0 0,0,0,0,0,0,0 2 1.0
0,0,2,1,1,2,2 0,0,2,0,0,0 0,0,0,0,0,0,0 2 1.0
1,2,0,0,2,1,2 0,2,0,0,2,0 0,0,0,0,0,0,0 2 1.0
0,0,2,2,1,2,2 0,0,2,2,0,0 0,0,0,2,0,0,0 2 1.0
0,0,2,2,1,2,2 0,0,2,2,0,2 0,0,0,2,0,0,0 2 1.0
// Step 7
# 31
0,2,0,0,2,0,2 0,0,0,0,0,0 0,0,0,0,0,0,0 2 1.0
0,2,0,0,2,0,2 0,0,0,0,2,0 0,0,0,0,0,0,0 2 1.0
2,2,0,0,2,0,2 0,0,0,0,2,0 0,0,0,0,0,0,0 2 1.0
0,0,0,0,2,2,2 0,0,0,0,2,0 0,0,0,0,0,0,0 2 1.0
0,0,2,2,0,2,2 0,0,2,2,0,0 0,0,0,0,0,0,0 2 1.0
0,2,0,0,2,0,2 0,2,0,0,2,0 0,0,0,0,0,0,0 2 1.0
0,2,0,0,2,0,2 0,2,0,0,2,0 0,0,0,0,0,0,0 2 1.0
2,0,2,0,0,2,2 2,0,0,0,0,2 2,0,0,0,0,0,0 2 1.0
0,2,0,0,2,0,2 0,2,0,0,2,0 0,0,0,0,0,0,0 2 1.0
0,2,0,0,2,0,2 0,2,0,0,2,0 0,0,0,0,0,0,0 2 1.0
// Step 8
# 17
2,2,2,2,0,0,0 2,2,2,2,0,0 2,2,2,2,0,0,0 1 1.0
2,2,0,0,0,0,0 2,2,1,0,0,0 2,2,0,0,0,0,0 1 1.0
2,2,0,0,0,2,0 2,2,1,0,0,2 2,2,0,0,0,2,0 1 1.0
2,0,0,0,0,2,0 2,1,0,0,0,2 2,0,0,0,0,2,0 1 1.0
0,0,2,2,0,0,0 0,1,2,2,1,0 0,0,2,2,0,0,0 1 1.0
0,0,2,2,0,0,0 1,1,2,2,1,0 0,0,2,2,0,0,0 1 1.0
0,0,0,2,2,0,0 1,2,0,2,2,1 0,0,0,2,2,0,0 1 1.0
0,0,0,2,2,0,0 2,0,0,2,2,1 0,0,0,2,2,0,0 1 1.0
0,0,0,2,2,0,0 2,0,0,2,2,1 0,0,0,2,2,0,0 1 1.0
0,0,2,2,0,0,0 2,0,2,2,1,0 0,0,2,2,0,0,0 1 1.0
0,0,2,2,0,0,0 1,1,2,2,1,2 0,0,2,2,0,0,0 1 1.0
// Step 9
# 7
0,0,0,0,0,0,0 1,2,0,1,1,1 0,0,0,0,0,0,0 2 1.0
0,0,0,0,0,0,0 2,0,0,1,1,2 0,0,0,0,0,0,0 2 1.0
0,0,0,0,0,0,0 2,0,0,1,0,0 0,0,0,0,0,0,0 2 1.0
0,0,0,0,0,0,0 1,1,1,1,2,2 0,0,0,0,0,0,0 2 1.0
0,0,0,0,0,0,0 2,2,1,1,2,0 0,0,0,0,0,0,0 2 1.0